prob_round_1 = [ 16   0  29   0  32   0  24   0 ;
  0  32   0  40   0  37   0  24 ;
 29   0  42   0  45   0  37   0 ;
  0  40   0  48   0  45   0  32 ;
 32   0  45   0  48   0  40   0 ;
  0  37   0  45   0  42   0  29 ;
 24   0  37   0  40   0  32   0 ;
  0  24   0  32   0  29   0  16 ;
]
prob_round_2 = [ 16   0  29   0  32   0  24   0 ;
  0  32   0  40   0  37   0  24 ;
 29   0  42   0  45   0  37   0 ;
  0  40   0  48  31  45   0  32 ;
 32   0  45  31  48  29  40   0 ;
  0  37   0  45  29  42   0  29 ;
 24   0  37   0  40   0  32   0 ;
  0  24   0  32   0  29   0  16 ;
]
prob_round_3 = [ 16   0  29   0  32   0  24   0 ;
  0  32   0  40   0  37   0  24 ;
 29   0  42   0  45   0  37   0 ;
  0  40   0  48  31  45   0  32 ;
 32   0  45  31  48  29  40   0 ;
  0  37   0  45  29  42   0  29 ;
 24   0  37   0  40   0  32   0 ;
  0  24   0  32   0  29   0  16 ;
]
prob_round_4 = [ 16   0  29   0  32   0  24   0 ;
  0  32   0  40   0  37   0  24 ;
 29   0  42   0  45   0  37   0 ;
  0  40   0  48  31  45   0  32 ;
 32   0  45  31  48  29  40   0 ;
  0  37   0  45  29  42   0  29 ;
 24   0  37   0  40   0  32   0 ;
  0  24   0  32   0  29   0  16 ;
]
prob_round_5 = [ 16   0  29   0  32   0  24   0 ;
  0  32   0  40   0  37   0  24 ;
 29   0  42   0  45   0  37   0 ;
  0  40   0  48  31  45   0  32 ;
 32   0  45  31  48  29  40   0 ;
  0  37   0  45  29  42   0  29 ;
 24   0  37   0  40   0  32   0 ;
  0  24   0  32   0  29   0  16 ;
]
prob_round_6 = [ 16   0  29   0  32   0  24   0 ;
  0  32   0  40   0  37   0  24 ;
 29   0  42   0  45   0  37   0 ;
  0  40   0  48  31  45   0  32 ;
 32   0  45  31  48  29  27   0 ;
  0  37   0  45  29  42   0  29 ;
 24   0  37   0  40   0  32   0 ;
  0  24   0  32   0  29   0  16 ;
]
prob_round_7 = [ 16   0  29   0  32   0  24   0 ;
  0  32   0  40   0  37   0  24 ;
 29   0  42   0  45   0  37   0 ;
  0  40   0  48  31  45   0  32 ;
 32   0  45  31  48  29  27  24 ;
  0  37   0  45  29  42   0  29 ;
 24   0  37   0  40   0  32   0 ;
  0  24   0  32   0  29   0  16 ;
]
prob_round_8 = [ 14   0  25   0  25   0  20   0 ;
  0  28   0  31   0  29   0  18 ;
 25   0  36   0  25   0  25   0 ;
  0  31   0  12  31  11   0  11 ;
 25   0  25  31   0  29   0  24 ;
  0  29   0  11  29  10   0  10 ;
 21   0  32   0  23   0  22   0 ;
  0  21   0  25   0  23   0  12 ;
]
prob_round_9 = [ 14   0  25   0  25   0  20   0 ;
  0  22   0   0   0  22   0  17 ;
 25   0  36   0  25   0  25   0 ;
  0  31   0   9  31  11   0  11 ;
 25   0  25  31   0  29   0  24 ;
  0  29   0  11  29  10   0  10 ;
 21   0  32   0  23   0  22   0 ;
  0  21   0  25   0  23   0  12 ;
]
prob_round_10 = [ 14   0  25   0  25   0  20   0 ;
  0  22   8   0   0  22   0  17 ;
 25  21  36  10  25   0  25   0 ;
  0  31  18   9  31  11   0  11 ;
 25   0  25  31   0  29   0  24 ;
  0  29   0  11  29  10   0  10 ;
 21   0  32   0  23   0  22   0 ;
  0  21   0  25   0  23   0  12 ;
]
prob_round_11 = [ 14   0  25   0  25   0  20   0 ;
  0  22   8   0   0  22   0  17 ;
 25  21  36  10  25   0  25   0 ;
  0  31  18   9  31  11   0  11 ;
 25   0  25  31   0  29   0  24 ;
  0  29   0  11  29  10   0  10 ;
 21   0  32   0  23   0  22   0 ;
  0  21   0  25   0  23   0  12 ;
]
prob_round_12 = [ 14   0  25   0  25   0  20   0 ;
  0  22   8   0   0  22   0  17 ;
 25  21  36  10  25   0  25   0 ;
  0  31  18   9  31  11   0  11 ;
 25   0  11  31   0  29   0  24 ;
  0  29   0  11  29  10   0  10 ;
 21   0  32   0  23   0  22   0 ;
  0  21   0  25   0  23   0  12 ;
]
prob_round_13 = [ 14   0  25   0  25   0  20   0 ;
  0  22   8   0   0  22   0  17 ;
 25  21  36  10  25   0  25   0 ;
  0  31  18   9  31  11   0  11 ;
 25   0  11  31   0  29   0  24 ;
  0  29  16  11  29  10   0  10 ;
 21   0  32   0  23   0  22   0 ;
  0  21   0  25   0  23   0  12 ;
]
prob_round_14 = [ 12   0  18   0  21   0  17   0 ;
  0  11   8   0   0  20   0  15 ;
 15  21   0  10  16   0  21   0 ;
  0   9  18   3  31  10   0  10 ;
 19   0   0  31   0  29   0  24 ;
  0  16  16   5  29  10   0  10 ;
 18   0  18   0  19   0  20   0 ;
  0  18   0  21   0  20   0  11 ;
]
prob_round_15 = [ 12   0  18   0  21   0  17   0 ;
  0  11   8   0   0  20  13  15 ;
 15  21   0  10  16  15  21  10 ;
  0   9  18   3  31  10   8  10 ;
 19   0   0  31   0  29   0  24 ;
  0  16  16   5  29  10   0  10 ;
 18   0  18   0  19   0  20   0 ;
  0  18   0  21   0  20   0  11 ;
]
prob_round_16 = [ 10   0  15   0  18   0  12   0 ;
  0   8   8   0   0  10  13  12 ;
 13  21   0  10   6  15   0  10 ;
  0   7  18   2  31   4   8   8 ;
 16   0   0  31   0  29   0  24 ;
  0  13  16   4  29   8   0   8 ;
 15   0  15   0  16   0  16   0 ;
  0  15   0  18   0  17   0   9 ;
]
prob_round_17 = [ 10   0  15   4  18   6  12   0 ;
  0   8   8   0   6  10  13  12 ;
 13  21   0  10   6  15   0  10 ;
  0   7  18   2  31   4   8   8 ;
 16   0   0  31   0  29   0  24 ;
  0  13  16   4  29   8   0   8 ;
 15   0  15   0  16   0  16   0 ;
  0  15   0  18   0  17   0   9 ;
]
prob_round_18 = [ 10   0  15   4  18   6  12   0 ;
  0   8   8   0   6  10  13  12 ;
 13  21   0  10   6  15   0  10 ;
  0   7  18   2  31   4   8   8 ;
 16   0   0  31   0  29   0  24 ;
  0  13  16   4  29   8   0   8 ;
 15   0  15   0  16   0  16   0 ;
  0  15   0  18   0  17   0   9 ;
]
prob_round_19 = [ 10   0  15   4  18   6   4   0 ;
  0   8   8   0   6  10  13  12 ;
 13  21   0  10   6  15   0  10 ;
  0   7  18   2  31   4   8   8 ;
 16   0   0  31   0  29   0  24 ;
  0  13  16   4  29   8   0   8 ;
 15   0  15   0  16   0  16   0 ;
  0  15   0  18   0  17   0   9 ;
]
prob_round_20 = [ 10   0  15   4  18   6   4   0 ;
  0   8   8   0   6  10  13  12 ;
 13  21   0  10   6  15   0  10 ;
  0   7  18   2  31   4   8   8 ;
 16   0   0  31   0  29   0  24 ;
  0  13  16   4  29   8   0   8 ;
 15   0  15   0  16   0  16   0 ;
  0  15   0  18   0  17   0   9 ;
]
prob_round_21 = [ 10   0   6   4  18   6   4   0 ;
  0   8   8   0   6  10  13  12 ;
 13  21   0  10   6  15   0  10 ;
  0   7  18   2  31   4   8   8 ;
 16   0   0  31   0  29   0  24 ;
  0  13  16   4  29   8   0   8 ;
 15   0  15   0  16   0  16   0 ;
  0  15   0  18   0  17   0   9 ;
]
prob_round_22 = [ 10   4   6   4  18   6   4   0 ;
  0   8   8   0   6  10  13  12 ;
 13  21   0  10   6  15   0  10 ;
  0   7  18   2  31   4   8   8 ;
 16   0   0  31   0  29   0  24 ;
  0  13  16   4  29   8   0   8 ;
 15   0  15   0  16   0  16   0 ;
  0  15   0  18   0  17   0   9 ;
]
prob_round_23 = [  4   4   0   4   0   6   0   0 ;
  0   6   8   0   6   4  13  12 ;
 10  21   0  10   2  15   0  10 ;
  0   6  18   2  31   4   8   8 ;
 12   0   0  31   0  29   0  24 ;
  0  12  16   4  29   8   0   8 ;
 12   0  12   0  12   0  14   0 ;
  0  12   0  14   0  14   0   8 ;
]
prob_round_24 = [  4   4   0   4   0   6   0   0 ;
  0   6   8   0   6   4  13  12 ;
 10  21   0  10   2  15   0  10 ;
  0   6  18   2  31   4   8   8 ;
 12   0   0  31   0  29   0  24 ;
  0  12  16   4  29   8   6   8 ;
 12   0  12   0  12  10  14   6 ;
  0  12   0  14   0  14   8   8 ;
]
prob_round_25 = [  4   4   0   4   0   6   0   0 ;
  0   6   8   0   6   4  13  12 ;
 10  21   0  10   2  15   0  10 ;
  0   6  18   2  31   4   8   8 ;
 12   0   0  31   0  29   0  24 ;
  0  12  16   4  29   8   6   8 ;
 12   0  12   0  12  10  14   6 ;
  0  12   0  14   0  14   8   8 ;
]
prob_round_26 = [  4   4   0   4   0   6   0   0 ;
  0   6   8   0   6   4  13  12 ;
 10  21   0  10   2  15   0  10 ;
  0   6  18   2  31   4   8   8 ;
 12   0   0  31   0  29   0  24 ;
  0  12  16   4  29   8   6   8 ;
 12   0  12   0  12  10  14   6 ;
  0  12   0  14   0  14   8   8 ;
]
prob_round_27 = [  3   4   0   4   0   6   0   0 ;
  0   5   8   0   6   3  13   9 ;
  7  21   0  10   2  15   0  10 ;
  0   5  18   2  31   3   8   6 ;
  9   0   0  31   0  29   0  24 ;
  0   9  16   3  29   0   6   3 ;
  9   0   9   0   5  10   0   6 ;
  0   9   0  10   0   3   8   3 ;
]
prob_round_28 = [  3   4   0   4   0   6   0   0 ;
  0   5   8   0   6   3  13   5 ;
  7  21   0  10   2  15   0  10 ;
  0   5  18   2  31   3   8   3 ;
  9   0   0  31   0  29   0  24 ;
  0   9  16   3  29   0   6   3 ;
  9   0   9   0   5  10   0   6 ;
  0   9   0  10   0   3   8   3 ;
]
prob_round_29 = [  3   4   0   4   0   6   0   0 ;
  0   5   8   0   6   3  13   5 ;
  7  21   0  10   2  15   0  10 ;
  0   5  18   2  31   3   8   3 ;
  9   0   0  31   0  29   0  24 ;
  0   9  16   2  29   0   6   3 ;
  9   0   9   0   5  10   0   6 ;
  0   8   0   0   0   2   8   3 ;
]
prob_round_30 = [  3   4   0   4   0   6   0   0 ;
  0   5   8   0   6   0  13   2 ;
  7  21   0  10   2  15   0  10 ;
  0   5  18   2  31   3   8   3 ;
  9   0   0  31   0  29   0  24 ;
  0   9  16   2  29   0   6   3 ;
  9   0   9   0   5  10   0   6 ;
  0   8   0   0   0   2   8   3 ;
]
prob_round_31 = [  3   4   0   4   0   6   0   0 ;
  0   5   8   0   6   0  13   2 ;
  7  21   0  10   2  15   0  10 ;
  0   4  18   2  31   3   8   3 ;
  9   0   0  31   0  29   0  24 ;
  0   0  16   2  29   0   6   3 ;
  9   0   9   0   5  10   0   6 ;
  0   7   0   0   0   2   8   3 ;
]
prob_round_32 = [  3   4   0   4   0   6   0   0 ;
  0   5   8   0   6   0  13   2 ;
  7  21   0  10   2  15   0  10 ;
  0   4  18   2  31   3   8   3 ;
  8   0   0  31   0  29   0  24 ;
  0   0  16   2  29   0   6   3 ;
  0   0   8   0   5  10   0   6 ;
  0   7   0   0   0   2   8   3 ;
]
prob_round_33 = [  3   4   0   4   0   6   0   0 ;
  0   5   8   0   6   0  13   2 ;
  7  21   0  10   0  15   0  10 ;
  0   4  18   0  31   3   8   3 ;
  8   0   0  31   0  29   0  24 ;
  0   0  16   2  29   0   6   3 ;
  0   0   8   0   5  10   0   6 ;
  0   7   0   0   0   2   8   3 ;
]
prob_round_34 = [  3   4   0   4   0   6   0   0 ;
  0   2   8   0   6   0  13   2 ;
  7  21   0  10   0  15   0  10 ;
  0   4  18   0  31   3   8   3 ;
  8   0   0  31   0  29   0  24 ;
  0   0  16   2  29   0   6   3 ;
  0   0   8   0   5  10   0   6 ;
  0   7   0   0   0   2   8   3 ;
]
prob_round_35 = [  3   4   0   4   0   6   0   0 ;
  0   2   8   0   6   0  13   2 ;
  7  21   0  10   0  15   0  10 ;
  0   4  18   0  31   0   8   0 ;
  8   0   0  31   0  29   0  24 ;
  0   0  16   2  29   0   6   3 ;
  0   0   8   0   5  10   0   6 ;
  0   7   0   0   0   2   8   3 ;
]
prob_round_36 = [  3   4   0   4   0   6   0   0 ;
  0   2   8   0   6   0  13   2 ;
  7  21   0  10   0  15   0  10 ;
  0   4  18   0  31   0   8   0 ;
  8   0   0  31   0  29   0  24 ;
  0   0  16   2  29   0   6   3 ;
  0   0   0   0   4  10   0   6 ;
  0   7   0   0   0   2   8   3 ;
]
prob_round_37 = [  3   4   0   4   0   6   0   0 ;
  4   2   8   0   6   0  13   2 ;
  7  21   0  10   0  15   0  10 ;
  5   4  18   0  31   0   8   0 ;
  8   0   0  31   0  29   0  24 ;
  0   0  16   2  29   0   6   3 ;
  0   0   0   0   4  10   0   6 ;
  0   7   0   0   0   2   8   3 ;
]
prob_round_38 = [  1   4   0   4   0   6   0   0 ;
  4   1   8   0   6   0  13   1 ;
  0  21   0  10   0  15   0  10 ;
  5   1  18   0  31   0   8   0 ;
  2   0   0  31   0  29   0  24 ;
  0   0  16   1  29   0   6   2 ;
  0   0   0   0   2  10   0   6 ;
  0   4   0   0   0   1   8   2 ;
]
prob_round_39 = [  1   4   0   4   0   6   0   0 ;
  4   1   8   0   6   0  13   1 ;
  0  21   0  10   0  15   0  10 ;
  5   1  18   0  31   0   8   0 ;
  2   0   0  31   0  29   0  24 ;
  0   0  16   1  29   0   6   2 ;
  0   0   0   0   2  10   0   6 ;
  0   4   0   0   0   1   8   2 ;
]
prob_round_40 = [  1   4   0   4   0   6   0   0 ;
  4   1   8   0   6   0  13   1 ;
  0  21   0  10   0  15   0  10 ;
  5   1  18   0  31   0   8   0 ;
  2   0   0  31   0  29   0  24 ;
  0   0  16   1  29   0   6   2 ;
  0   0   0   0   2  10   0   6 ;
  0   4   0   0   0   1   8   2 ;
]
prob_round_41 = [  1   4   0   4   0   6   0   0 ;
  4   1   8   0   6   0  13   1 ;
  0  21   0  10   0  15   0  10 ;
  5   1  18   0  31   0   8   0 ;
  2   0   0  31   0  29   0  24 ;
  0   0  16   1  29   0   6   2 ;
  0   0   0   0   2  10   0   6 ;
  0   4   0   0   0   1   8   2 ;
]
prob_round_42 = [  1   4   0   4   0   6   0   0 ;
  4   1   8   0   6   0  13   1 ;
  0  21   0  10   0  15   0  10 ;
  5   1  18   0  31   0   8   0 ;
  2   0   0  31   0  29   0  24 ;
  0   0  16   1  29   0   6   1 ;
  0   0   0   0   2  10   0   6 ;
  0   0   0   0   0   1   8   1 ;
]
prob_round_43 = [  1   4   0   4   0   6   0   0 ;
  4   1   8   0   6   0  13   1 ;
  0  21   0  10   0  15   0  10 ;
  5   1  18   0  31   0   8   0 ;
  0   0   0  31   0  29   0  24 ;
  0   0  16   1  29   0   6   1 ;
  0   0   0   0   2  10   0   6 ;
  0   0   0   0   0   1   8   1 ;
]
prob_round_44 = [  0   4   0   4   0   6   0   0 ;
  4   0   8   0   6   0  13   1 ;
  0  21   0  10   0  15   0  10 ;
  5   1  18   0  31   0   8   0 ;
  0   0   0  31   0  29   0  24 ;
  0   0  16   1  29   0   6   1 ;
  0   0   0   0   2  10   0   6 ;
  0   0   0   0   0   1   8   1 ;
]
prob_round_45 = [  0   4   0   4   0   6   0   0 ;
  4   0   8   0   6   0  13   1 ;
  0  21   0  10   0  15   0  10 ;
  5   1  18   0  31   0   8   0 ;
  0   0   0  31   0  29   0  24 ;
  0   0  16   1  29   0   6   1 ;
  0   0   0   1   2  10   0   6 ;
  0   0   0   0   1   1   8   1 ;
]
